cpu  27040921 6183 13088886 498508224 99563 0 227843 0 0 0
cpu0 2319440 987 728813 13743662 2557 0 76762 0 0 0
cpu1 659444 201 352517 15800962 6212 0 40749 0 0 0
cpu2 792112 278 411173 15599593 3615 0 16399 0 0 0
cpu3 693527 235 383202 15736309 7208 0 8964 0 0 0
cpu4 928114 417 456008 15410662 5141 0 4558 0 0 0
cpu5 2027349 1238 707842 14117897 2983 0 2750 0 0 0
cpu6 600674 208 348643 15896517 6046 0 1962 0 0 0
cpu7 450462 110 269831 15859258 5500 0 1757 0 0 0
cpu8 749131 217 353759 15746060 3821 0 1301 0 0 0
cpu9 539694 48 317676 15890890 3876 0 518 0 0 0
cpu10 581848 63 341879 15920721 4140 0 182 0 0 0
cpu11 522752 35 325804 16008415 3663 0 85 0 0 0
cpu12 656476 86 380101 15786081 3501 0 35 0 0 0
cpu13 518520 20 326839 16012079 3538 0 23 0 0 0
cpu14 415517 14 257975 16242183 3895 0 14 0 0 0
cpu15 432686 13 266465 16205789 3789 0 52 0 0 0
cpu16 3304076 959 1005749 12624313 1423 0 7 0 0 0
cpu17 527984 77 299750 16036983 2991 0 4364 0 0 0
cpu18 646455 102 372795 15813340 2219 0 11 0 0 0
cpu19 610272 82 357778 15870107 4104 0 4 0 0 0
cpu20 745141 75 440723 15613825 2071 0 4 0 0 0
cpu21 2828107 473 965840 13080578 1273 0 4 0 0 0
cpu22 549518 50 332158 15981332 1869 0 3 0 0 0
cpu23 443568 21 263492 16026335 1864 0 66199 0 0 0
cpu24 619542 33 373202 15839937 2189 0 1109 0 0 0
cpu25 556095 13 343722 15947362 1686 0 4 0 0 0
cpu26 611156 26 387108 15825129 1493 0 2 0 0 0
cpu27 563751 13 357347 15923455 1475 0 2 0 0 0
cpu28 688009 38 447859 15651782 1383 0 1 0 0 0
cpu29 566436 10 363245 15914526 1233 0 1 0 0 0
cpu30 439592 12 274076 16201749 1510 0 1 0 0 0
cpu31 453459 13 275500 16180376 1279 0 2 0 0 0
intr 9144569931 129 0 0 0 0 0 0 0 0 56787 0 0 0 0 0 0 0 0 0 0 0 0 0 0 0 0 0 0 10667 1 1 3 1 0 0 0 0 0 0 0 0 0 0 0 0 1 0 0 34843235 0 0 0 0 0 0 0 2569343 0 0 0 0 0 0 0 0 0 0 0 0 0 0 0 0 0 0 0 0 0 0 0 0 0 0 0 0 0 0 0 0 0 0 0 0 0 0 0 0 0 0 0 0 411 411 0 0 0 0 0 0 0 0 0 0 0 0 0 0 0 0 0 0 895 1207 1205 120 30 64 87 36 11 31 47 57 57 158 220 46 7 47 116 240533 220252 158257 165441 124727 114443 83095 64813 63191 58990 59444 49895 51861 53875 113512 107 18 94 67 15 1 8 3 0 68013 127035118 0 38888226 0 0 0 0 0 14639755 0 7560 0 0 0 0 0 0 0 0 0 0 0 0 0 0 0 0 0 0 0 0 0 0 0 0 0 0 0 0 0 0 0 0 0 0 0 0 0 0 0 0 0 0 0 0 0 0 0 0 0 0 0 0 0 0 0 0 0 0 0 0 0 0 0 0 0 0 0 0 0 0 0 0 0 0 0 0 0 0 0 0 0 0 0 0 0 0 0 0 0 0 0 0 0 0 0 0 0 0 0 0 0 0 0 0 0 0 0 0 0 0 0 0 0 0 0 0 0 0 0 0 0 0 0 0 0 0 0 0 0 0 0 0 0 0 0 0 0 0 0 0 0 0 0 0 0 0 0 0 0 0 0 0 0 0 0 0 0 0 0 0 0 0 0 0 0 0 0 0 0 0 0 0 0 0 0 0 0 0 0 0 0 0 0 0 0 0 0 0 0 0 0 0 0 0 0 0 0 0 0 0 0 0 0 0 0 0 0 0 0 0 0 0 0 0 0 0 0 0 0 0 0 0 0 0 0 0 0 0 0 0 0 0 0 0 0 0 0 0 0 0 0 0 0 0 0 0 0 0 0 0 0 0 0 0 0 0 0 0 0 0 0 0 0 0 0 0 0 0 0 0 0 0 0 0 0 0 0 0 0 0 0 0 0 0 0 0 0 0 0 0 0 0 0 0 0 0 0 0 0 0 0 0 0 0 0 0 0 0 0 0 0 0 0 0 0 0 0 0 0 0 0 0 0 0 0 0 0 0 0 0 0 0 0 0 0 0 0 0 0 0 0 0 0 0 0 0 0 0 0 0 0 0 0 0 0 0 0 0 0 0 0 0 0 0 0 0 0 0 0 0 0 0 0 0 0 0 0 0 0 0 0 0 0 0 0 0 0 0 0 0 0 0 0 0 0 0 0 0 0 0 0 0 0 0 0 0 0 0 0 0 0 0 0 0 0 0 0 0 0 0 0 0 0 0 0 0 0 0 0 0 0 0 0 0 0 0 0 0 0 0 0 0 0 0 0 0 0 0 0 0 0 0 0 0 0 0 0 0 0 0 0 0 0 0 0 0 0 0 0 0 0 0 0 0 0 0 0 0 0 0 0 0 0 0 0 0 0 0 0 0 0 0 0 0 0 0 0 0 0 0 0 0 0 0 0 0 0 0 0 0 0 0 0 0 0 0 0 0 0 0 0 0 0 0 0 0 0 0 0 0 0 0 0 0 0 0 0 0 0 0 0 0 0 0 0 0 0 0 0 0 0 0 0 0 0 0 0 0 0 0 0 0 0 0 0 0 0 0 0 0 0 0 0 0 0 0 0 0 0 0 0 0 0 0 0 0 0 0 0 0 0 0 0 0 0 0 0 0 0 0 0 0 0 0 0 0 0 0 0 0 0 0 0 0 0 0 0 0 0 0 0 0 0 0 0 0 0 0 0 0 0 0 0 0 0 0 0 0 0 0 0 0 0 0 0 0 0 0 0 0 0 0 0 0 0 0 0 0 0 0 0 0 0 0 0 0 0 0 0 0 0 0 0 0 0 0 0 0 0 0 0 0 0 0 0 0 0 0 0 0 0 0 0 0 0 0 0 0 0 0 0 0 0 0 0 0 0 0 0 0 0 0 0 0 0 0 0 0 0 0 0 0 0 0 0 0 0 0 0 0 0 0 0 0 0 0 0 0 0 0 0 0 0 0 0 0 0 0 0 0 0 0 0 0 0 0 0 0 0 0 0 0 0 0 0 0 0 0 0 0 0 0 0 0 0 0 0 0 0 0 0 0 0 0 0 0 0 0 0 0 0 0 0 0 0 0 0 0 0 0 0 0 0 0 0 0 0 0 0 0 0 0 0 0 0 0 0 0 0 0 0 0 0 0 0 0 0 0 0 0 0 0 0 0 0 0 0 0 0 0 0 0 0 0 0 0 0 0 0 0 0 0 0 0 0 0 0 0 0 0 0 0 0 0 0 0 0 0 0 0 0 0 0 0 0 0 0 0 0 0 0 0 0 0 0 0 0 0 0 0 0 0 0 0 0 0 0 0 0 0 0 0 0 0 0 0 0 0 0 0 0 0 0 0 0 0 0 0 0 0 0 0 0 0 0 0 0 0 0 0 0 0 0 0 0 0 0 0 0 0 0 0 0 0 0 0 0 0 0 0 0 0 0 0 0 0 0 0 0 0 0 0 0 0 0 0 0 0 0 0 0 0 0 0 0 0 0 0 0 0 0 0 0 0 0 0 0 0 0 0 0 0 0 0 0 0 0 0 0 0 0 0 0 0 0 0 0 0 0 0 0 0 0 0 0 0 0 0 0 0 0 0 0 0 0 0 0 0 0 0 0 0 0 0 0 0 0 0 0 0 0 0 0 0 0 0 0 0
ctxt 101814235389
btime 1788063079
processes 920209
procs_running 1
procs_blocked 0
softirq 1623445395 37382903 48165480 949 36521654 15402 0 415033 634477499 67484 866398991
