cpu  27040843 6183 13088859 498501881 99563 0 227842 0 0 0
cpu0 2319430 987 728811 13743474 2557 0 76762 0 0 0
cpu1 659440 201 352517 15800765 6212 0 40749 0 0 0
cpu2 792108 278 411172 15599396 3615 0 16399 0 0 0
cpu3 693523 235 383201 15736112 7208 0 8964 0 0 0
cpu4 928107 417 456006 15410470 5141 0 4558 0 0 0
cpu5 2027339 1238 707834 14117713 2983 0 2750 0 0 0
cpu6 600671 208 348643 15896319 6046 0 1962 0 0 0
cpu7 450459 110 269831 15859062 5500 0 1757 0 0 0
cpu8 749127 217 353758 15745862 3821 0 1301 0 0 0
cpu9 539692 48 317675 15890698 3876 0 518 0 0 0
cpu10 581847 63 341879 15920521 4140 0 182 0 0 0
cpu11 522751 35 325803 16008215 3663 0 85 0 0 0
cpu12 656473 86 380101 15785883 3501 0 35 0 0 0
cpu13 518519 20 326839 16011877 3538 0 23 0 0 0
cpu14 415516 14 257975 16241982 3895 0 14 0 0 0
cpu15 432686 13 266464 16205588 3789 0 52 0 0 0
cpu16 3304069 959 1005743 12624123 1423 0 7 0 0 0
cpu17 527983 77 299750 16036782 2991 0 4364 0 0 0
cpu18 646452 102 372794 15813142 2219 0 11 0 0 0
cpu19 610270 82 357778 15869908 4104 0 4 0 0 0
cpu20 745141 75 440723 15613624 2071 0 4 0 0 0
cpu21 2828104 473 965839 13080380 1273 0 4 0 0 0
cpu22 549517 50 332158 15981131 1869 0 3 0 0 0
cpu23 443568 21 263492 16026134 1864 0 66199 0 0 0
cpu24 619542 33 373202 15839736 2189 0 1109 0 0 0
cpu25 556094 13 343722 15947160 1686 0 4 0 0 0
cpu26 611156 26 387108 15824928 1493 0 2 0 0 0
cpu27 563751 13 357347 15923253 1475 0 2 0 0 0
cpu28 688007 38 447859 15651582 1383 0 1 0 0 0
cpu29 566435 10 363244 15914325 1233 0 1 0 0 0
cpu30 439592 12 274076 16201547 1510 0 1 0 0 0
cpu31 453459 13 275500 16180174 1279 0 2 0 0 0
intr 9144543059 129 0 0 0 0 0 0 0 0 56787 0 0 0 0 0 0 0 0 0 0 0 0 0 0 0 0 0 0 10667 1 1 3 1 0 0 0 0 0 0 0 0 0 0 0 0 1 0 0 34843235 0 0 0 0 0 0 0 2569343 0 0 0 0 0 0 0 0 0 0 0 0 0 0 0 0 0 0 0 0 0 0 0 0 0 0 0 0 0 0 0 0 0 0 0 0 0 0 0 0 0 0 0 0 411 411 0 0 0 0 0 0 0 0 0 0 0 0 0 0 0 0 0 0 895 1207 1205 120 30 64 87 36 11 31 47 57 57 158 220 46 7 47 116 240533 220252 158257 165440 124727 114443 83095 64813 63191 58990 59444 49895 51861 53875 113512 107 18 94 67 15 1 8 3 0 68011 127034869 0 38887122 0 0 0 0 0 14639685 0 7560 0 0 0 0 0 0 0 0 0 0 0 0 0 0 0 0 0 0 0 0 0 0 0 0 0 0 0 0 0 0 0 0 0 0 0 0 0 0 0 0 0 0 0 0 0 0 0 0 0 0 0 0 0 0 0 0 0 0 0 0 0 0 0 0 0 0 0 0 0 0 0 0 0 0 0 0 0 0 0 0 0 0 0 0 0 0 0 0 0 0 0 0 0 0 0 0 0 0 0 0 0 0 0 0 0 0 0 0 0 0 0 0 0 0 0 0 0 0 0 0 0 0 0 0 0 0 0 0 0 0 0 0 0 0 0 0 0 0 0 0 0 0 0 0 0 0 0 0 0 0 0 0 0 0 0 0 0 0 0 0 0 0 0 0 0 0 0 0 0 0 0 0 0 0 0 0 0 0 0 0 0 0 0 0 0 0 0 0 0 0 0 0 0 0 0 0 0 0 0 0 0 0 0 0 0 0 0 0 0 0 0 0 0 0 0 0 0 0 0 0 0 0 0 0 0 0 0 0 0 0 0 0 0 0 0 0 0 0 0 0 0 0 0 0 0 0 0 0 0 0 0 0 0 0 0 0 0 0 0 0 0 0 0 0 0 0 0 0 0 0 0 0 0 0 0 0 0 0 0 0 0 0 0 0 0 0 0 0 0 0 0 0 0 0 0 0 0 0 0 0 0 0 0 0 0 0 0 0 0 0 0 0 0 0 0 0 0 0 0 0 0 0 0 0 0 0 0 0 0 0 0 0 0 0 0 0 0 0 0 0 0 0 0 0 0 0 0 0 0 0 0 0 0 0 0 0 0 0 0 0 0 0 0 0 0 0 0 0 0 0 0 0 0 0 0 0 0 0 0 0 0 0 0 0 0 0 0 0 0 0 0 0 0 0 0 0 0 0 0 0 0 0 0 0 0 0 0 0 0 0 0 0 0 0 0 0 0 0 0 0 0 0 0 0 0 0 0 0 0 0 0 0 0 0 0 0 0 0 0 0 0 0 0 0 0 0 0 0 0 0 0 0 0 0 0 0 0 0 0 0 0 0 0 0 0 0 0 0 0 0 0 0 0 0 0 0 0 0 0 0 0 0 0 0 0 0 0 0 0 0 0 0 0 0 0 0 0 0 0 0 0 0 0 0 0 0 0 0 0 0 0 0 0 0 0 0 0 0 0 0 0 0 0 0 0 0 0 0 0 0 0 0 0 0 0 0 0 0 0 0 0 0 0 0 0 0 0 0 0 0 0 0 0 0 0 0 0 0 0 0 0 0 0 0 0 0 0 0 0 0 0 0 0 0 0 0 0 0 0 0 0 0 0 0 0 0 0 0 0 0 0 0 0 0 0 0 0 0 0 0 0 0 0 0 0 0 0 0 0 0 0 0 0 0 0 0 0 0 0 0 0 0 0 0 0 0 0 0 0 0 0 0 0 0 0 0 0 0 0 0 0 0 0 0 0 0 0 0 0 0 0 0 0 0 0 0 0 0 0 0 0 0 0 0 0 0 0 0 0 0 0 0 0 0 0 0 0 0 0 0 0 0 0 0 0 0 0 0 0 0 0 0 0 0 0 0 0 0 0 0 0 0 0 0 0 0 0 0 0 0 0 0 0 0 0 0 0 0 0 0 0 0 0 0 0 0 0 0 0 0 0 0 0 0 0 0 0 0 0 0 0 0 0 0 0 0 0 0 0 0 0 0 0 0 0 0 0 0 0 0 0 0 0 0 0 0 0 0 0 0 0 0 0 0 0 0 0 0 0 0 0 0 0 0 0 0 0 0 0 0 0 0 0 0 0 0 0 0 0 0 0 0 0 0 0 0 0 0 0 0 0 0 0 0 0 0 0 0 0 0 0 0 0 0 0 0 0 0 0 0 0 0 0 0 0 0 0 0 0 0 0 0 0 0 0 0 0 0 0 0 0 0 0 0 0 0 0 0 0 0 0 0 0 0 0 0 0 0 0 0 0 0 0 0 0 0 0 0 0 0 0 0 0 0 0 0 0 0 0 0 0 0 0 0 0 0 0 0 0 0 0 0 0 0 0 0 0 0 0 0 0 0 0 0 0 0 0 0 0 0 0 0 0 0 0 0 0 0 0 0 0 0 0 0 0 0 0 0 0 0 0 0 0 0 0 0 0 0 0 0 0 0 0 0 0 0 0 0 0 0 0 0 0 0 0 0 0 0 0 0 0 0 0 0 0 0 0 0 0 0 0 0 0 0 0 0 0 0 0 0 0 0 0 0 0 0 0 0 0 0 0 0 0 0 0 0 0 0 0 0 0 0 0 0 0 0 0 0 0 0 0 0 0 0 0 0 0 0 0 0 0 0 0 0 0 0 0 0 0 0 0 0 0 0 0 0 0 0
ctxt 101814194188
btime 1788063079
processes 920190
procs_running 1
procs_blocked 0
softirq 1623441369 37382903 48165159 949 36521484 15402 0 415027 634475148 67484 866397813
