   7       0 loop0 57 0 1410 8 0 0 0 0 0 4 8 0 0 0 0 0 0
   7       1 loop1 14 0 34 0 0 0 0 0 0 1 0 0 0 0 0 0 0
   7       2 loop2 2521 0 13024 176 0 0 0 0 0 89 176 0 0 0 0 0 0
   7       3 loop3 66 0 1436 7 0 0 0 0 0 4 7 0 0 0 0 0 0
   7       4 loop4 2378 0 11408 210 0 0 0 0 0 132 210 0 0 0 0 0 0
   7       5 loop5 2092 0 10050 214 0 0 0 0 0 109 214 0 0 0 0 0 0
   7       6 loop6 1784 0 8670 145 0 0 0 0 0 91 145 0 0 0 0 0 0
   7       7 loop7 2530 0 11954 264 0 0 0 0 0 124 264 0 0 0 0 0 0
 259       0 nvme1n1 323 0 10648 45 0 0 0 0 0 30 45 0 0 0 0 0 0
 259       1 nvme1n1p1 105 0 2648 10 0 0 0 0 0 10 10 0 0 0 0 0 0
 259       2 nvme1n1p2 117 0 5312 23 0 0 0 0 0 18 23 0 0 0 0 0 0
 259       3 nvme2n1 1142 0 32010 146 4 0 4 0 0 76 146 0 0 0 0 0 0
 259       4 nvme2n1p1 117 0 5344 18 0 0 0 0 0 18 18 0 0 0 0 0 0
 259       5 nvme2n1p2 583 0 10802 64 4 0 4 0 0 56 64 0 0 0 0 0 0
 259       6 nvme2n1p3 101 0 2624 11 0 0 0 0 0 12 11 0 0 0 0 0 0
 259       7 nvme2n1p4 117 0 5344 19 0 0 0 0 0 18 19 0 0 0 0 0 0
 259       8 nvme2n1p5 117 0 5312 16 0 0 0 0 0 17 16 0 0 0 0 0 0
 259       9 nvme0n1 17894911 6285408 1627419539 733606591 5784941 17484780 747710516 4011320838 0 2758549 466175438 208479 0 4795115808 15978696 268388 236608
 259      10 nvme0n1p1 643 1737 12853 52 2 0 2 0 0 12 56 3 0 2184352 2 0 0
 259      11 nvme0n1p2 17894133 6283671 1627403382 733606529 5784938 17484780 747710514 4011320837 0 2936718 465938765 208476 0 4792931456 15978693 0 0
   7      10 loop10 4498 0 42738 178 0 0 0 0 0 115 178 0 0 0 0 0 0
   7       9 loop9 3468 0 16664 100 0 0 0 0 0 69 100 0 0 0 0 0 0
   7       8 loop8 2479 0 12744 223 0 0 0 0 0 114 223 0 0 0 0 0 0
   7      12 loop12 3665 0 82126 463 0 0 0 0 0 353 463 0 0 0 0 0 0
   7      14 loop14 140 0 1102 6 0 0 0 0 0 5 6 0 0 0 0 0 0
   7      11 loop11 257 0 7022 24 0 0 0 0 0 23 24 0 0 0 0 0 0
   7      13 loop13 1563 0 8060 93 0 0 0 0 0 63 93 0 0 0 0 0 0
   7      15 loop15 44 0 706 3 0 0 0 0 0 3 3 0 0 0 0 0 0
   7      17 loop17 49 0 724 4 0 0 0 0 0 4 4 0 0 0 0 0 0
   7      18 loop18 57 0 1378 5 0 0 0 0 0 3 5 0 0 0 0 0 0
   7      16 loop16 54 0 1344 6 0 0 0 0 0 5 6 0 0 0 0 0 0
   7      19 loop19 63 0 1396 7 0 0 0 0 0 6 7 0 0 0 0 0 0
   7      21 loop21 14964 0 1733326 3340 0 0 0 0 0 3030 3340 0 0 0 0 0 0
   7      20 loop20 44 0 704 3 0 0 0 0 0 4 3 0 0 0 0 0 0
   7      22 loop22 581 0 47070 81 0 0 0 0 0 68 81 0 0 0 0 0 0
   7      23 loop23 61 0 1410 7 0 0 0 0 0 6 7 0 0 0 0 0 0
   7      25 loop25 1245 0 7578 66 0 0 0 0 0 33 66 0 0 0 0 0 0
   7      24 loop24 4080 0 303206 614 0 0 0 0 0 593 614 0 0 0 0 0 0
   7      26 loop26 1219 0 7386 65 0 0 0 0 0 36 65 0 0 0 0 0 0
   7      27 loop27 5121 0 21170 449 0 0 0 0 0 214 449 0 0 0 0 0 0
   7      28 loop28 4017 0 20820 166 0 0 0 0 0 87 166 0 0 0 0 0 0
   7      29 loop29 3511 0 18064 99 0 0 0 0 0 65 99 0 0 0 0 0 0
   7      30 loop30 5853 0 30034 250 0 0 0 0 0 131 250 0 0 0 0 0 0
   7      32 loop32 76 0 1492 6 0 0 0 0 0 4 6 0 0 0 0 0 0
   7      31 loop31 9410 0 346970 880 0 0 0 0 0 784 880 0 0 0 0 0 0
   7      33 loop33 15163 0 83150 272 0 0 0 0 0 125 272 0 0 0 0 0 0
   7      34 loop34 3333 0 341182 303 0 0 0 0 0 311 303 0 0 0 0 0 0
   7      35 loop35 392 0 2208 34 0 0 0 0 0 21 34 0 0 0 0 0 0
   7      36 loop36 835 0 5360 45 0 0 0 0 0 29 45 0 0 0 0 0 0
   7      37 loop37 639 0 4322 33 0 0 0 0 0 26 33 0 0 0 0 0 0
   7      38 loop38 44 0 702 2 0 0 0 0 0 3 2 0 0 0 0 0 0
   7      39 loop39 83 0 3476 12 0 0 0 0 0 6 12 0 0 0 0 0 0
   7      40 loop40 44 0 702 5 0 0 0 0 0 4 5 0 0 0 0 0 0
   7      41 loop41 53 0 836 5 0 0 0 0 0 5 5 0 0 0 0 0 0
   7      42 loop42 54 0 744 7 0 0 0 0 0 7 7 0 0 0 0 0 0
   7      43 loop43 4463 0 21644 287 0 0 0 0 0 115 287 0 0 0 0 0 0
   7      46 loop46 75 0 2480 4 0 0 0 0 0 3 4 0 0 0 0 0 0
   7      47 loop47 3783 0 18232 288 0 0 0 0 0 132 288 0 0 0 0 0 0
   7      44 loop44 21 0 118 1 0 0 0 0 0 1 1 0 0 0 0 0 0
   7      45 loop45 7719 0 671632 1380 0 0 0 0 0 2203 1380 0 0 0 0 0 0
   7      48 loop48 107 0 1670 4 0 0 0 0 0 5 4 0 0 0 0 0 0
   7      49 loop49 98 0 1614 6 0 0 0 0 0 5 6 0 0 0 0 0 0
   7      50 loop50 56 0 2042 0 0 0 0 0 0 1 0 0 0 0 0 0 0
   7      51 loop51 61 0 1416 0 0 0 0 0 0 2 0 0 0 0 0 0 0
